11592907000 0.29988 -0.02171 0.06493 -0.09707 0.99479 0.00406 0.03101
11792908999 0.60204 -0.02772 0.12733 -0.13782 0.98927 0.00773 0.04788
11992907000 0.88288 -0.01308 0.11628 -0.17257 0.98361 0.01278 0.05075
12192906999 1.01078 -0.07315 0.07368 -0.18892 0.98163 0.01276 0.0233
12392910999 0.90768 -0.10781 0.00248 -0.18494 0.9827 0.00717 -0.00728
12592907000 1.01947 -0.08347 0.08487 -0.16303 0.98647 0.00902 0.01486
12792908999 1.0319 -0.04146 0.13469 -0.17799 0.98353 0.01094 0.02932
12992907000 1.16835 -0.04089 0.16436 -0.13707 0.9902 0.00954 0.02489
13192906999 1.15546 -0.04708 0.15458 -0.14015 0.98985 0.01009 0.02107
13393907000 1.14064 -0.0545 0.14342 -0.1589 0.98701 0.01208 0.02052
13592912000 1.08208 -0.05026 0.1289 -0.18041 0.98336 0.01237 0.01714
13793907000 1.10254 -0.04563 0.14102 -0.18008 0.98342 0.01062 0.01838
13993904999 1.0096 -0.03529 0.12969 -0.19839 0.97999 0.00897 0.01325
14193915999 1.03881 -0.02316 0.14623 -0.19376 0.98088 0.00974 0.01557
14393926000 0.92396 -0.00589 0.13008 -0.20521 0.97863 0.01006 0.00831
14593906999 1.10962 -0.02792 0.18184 -0.19704 0.98004 0.01295 0.02314
14793907000 1.04355 -0.0242 0.17759 -0.20726 0.97794 0.01198 0.02329
14993907999 1.1045 -0.0244 0.18384 -0.20829 0.97768 0.01211 0.0248
15193906999 1.09049 -0.04881 0.16064 -0.2241 0.97419 0.01232 0.02427
15393907000 1.16304 -0.03258 0.17133 -0.18427 0.98253 0.00983 0.02427
15593906999 1.18725 -0.03569 0.17475 -0.19231 0.98093 0.01144 0.02563
15793907000 1.12458 -0.07285 0.15486 -0.24058 0.9699 0.01816 0.03299
15993944000 1.22621 -0.05518 0.19563 -0.20541 0.97791 0.01713 0.03465
16194908000 1.25489 0.02352 0.21874 -0.18378 0.98256 0.01511 0.02406
16393906999 1.30273 0.04781 0.24508 -0.16425 0.98597 0.01422 0.02617
16593907999 1.3035 0.03217 0.25499 -0.16255 0.98621 0.01447 0.02735
16793907999 1.28922 -0.01547 0.25805 -0.17463 0.98408 0.01543 0.02904
16993908000 1.30833 -0.02193 0.26747 -0.1821 0.98259 0.01648 0.0328
17194908000 1.26668 -0.01049 0.26111 -0.17435 0.98393 0.01558 0.03537
17394906999 1.30341 -0.03289 0.25543 -0.16491 0.98566 0.0148 0.03253
17594906999 1.26468 -0.07304 0.22684 -0.16494 0.98572 0.01494 0.03059
17794906999 1.20903 -0.06053 0.24302 -0.18931 0.98102 0.01743 0.0382
17994907000 1.26181 -0.08663 0.25053 -0.18691 0.98158 0.01635 0.03589
18194908999 1.24265 -0.08698 0.26172 -0.18268 0.98232 0.01691 0.03728
18394906999 1.1377 -0.06655 0.25906 -0.18808 0.98111 0.01895 0.04104
18595907000 1.24432 -0.1063 0.26286 -0.17808 0.98325 0.01656 0.03513
18795906999 1.28479 -0.13912 0.26384 -0.19006 0.98102 0.01744 0.03416
18995906999 1.26024 -0.12442 0.28268 -0.20156 0.97852 0.01988 0.0384
19195907999 1.2998 -0.17263 0.25536 -0.20869 0.9772 0.01936 0.03397
19395907000 1.25108 -0.14207 0.26316 -0.19953 0.97897 0.02008 0.03756
19595907000 1.29757 -0.1669 0.2526 -0.19644 0.97974 0.01858 0.03417
19795937999 1.38988 -0.19659 0.24266 -0.1925 0.98072 0.01736 0.02897
19995954000 1.44215 -0.19867 0.25751 -0.17841 0.98341 0.01655 0.02823
20196906999 1.49158 -0.21244 0.26348 -0.17609 0.98394 0.01619 0.02445
20395906000 1.48871 -0.20031 0.27038 -0.17315 0.98445 0.01626 0.02461
20595907000 1.53087 -0.20935 0.2821 -0.17218 0.98465 0.0166 0.02312
20795906999 1.57056 -0.22826 0.29001 -0.17384 0.98439 0.01702 0.02155
20995906999 1.52628 -0.19734 0.30434 -0.17288 0.98446 0.01799 0.02497
21196908000 1.48074 -0.14553 0.31476 -0.1663 0.9856 0.01794 0.02462
21395907000 1.56956 -0.14999 0.34778 -0.16202 0.98641 0.01806 0.0205
21596907000 1.62151 -0.17164 0.36299 -0.16094 0.98661 0.01757 0.01997
21796907000 1.63759 -0.17977 0.38858 -0.16157 0.98645 0.01873 0.02156
21996932000 1.69469 -0.19783 0.40685 -0.16295 0.98623 0.01969 0.02007
22196943999 1.56425 -0.17189 0.40881 -0.16877 0.98501 0.02144 0.02845
22396906999 1.64553 -0.1888 0.42055 -0.16633 0.98559 0.02054 0.02296
22596907000 1.68555 -0.18005 0.43907 -0.16302 0.98613 0.01979 0.02405
22796910000 1.78177 -0.20375 0.44424 -0.15679 0.98733 0.01764 0.01708
22996936000 1.81954 -0.21244 0.44824 -0.15186 0.98815 0.01638 0.01528
23196957999 1.86532 -0.22471 0.46277 -0.15103 0.98829 0.01627 0.01433
23397907000 1.92128 -0.23136 0.49715 -0.15195 0.98813 0.01689 0.01487
23597906999 2.04229 -0.25291 0.52603 -0.15639 0.9875 0.01651 0.01101
23797906999 1.86421 -0.17702 0.53848 -0.15597 0.98732 0.0154 0.02539
23997907000 1.95426 -0.21725 0.52286 -0.15934 0.98696 0.01685 0.01515
24197907000 2.02483 -0.25467 0.50246 -0.16077 0.98682 0.01613 0.00909
24397907000 1.99734 -0.22834 0.51534 -0.15714 0.98732 0.01693 0.01496
24598922999 2.05979 -0.25822 0.48592 -0.16019 0.9869 0.01669 0.00964
24798936000 2.05134 -0.25435 0.49486 -0.1567 0.98742 0.01718 0.01201
24998944999 2.05873 -0.26126 0.48694 -0.15668 0.98743 0.01775 0.01139
25198957000 2.01752 -0.23668 0.48139 -0.15301 0.98798 0.01795 0.0131
25398907000 2.05538 -0.26829 0.47278 -0.1565 0.98744 0.01782 0.0126
25598907000 2.00461 -0.25199 0.47595 -0.15263 0.98799 0.01799 0.01634
25798906999 2.02701 -0.25724 0.47873 -0.1498 0.98843 0.01802 0.01554
25998906999 2.01884 -0.27243 0.46819 -0.15008 0.9884 0.01808 0.01467
26198906999 2.01277 -0.28518 0.46123 -0.15008 0.98839 0.01769 0.01586
26398907000 2.00852 -0.28869 0.45498 -0.14867 0.98859 0.01808 0.01579
26598928000 2.02231 -0.3092 0.44423 -0.14989 0.98841 0.0192 0.01477
26798921000 2.00089 -0.2917 0.44596 -0.14779 0.98868 0.02002 0.01612
26998906999 2.00017 -0.28975 0.45165 -0.14657 0.98887 0.01946 0.01642
27198906999 2.01012 -0.30172 0.45171 -0.14717 0.9888 0.01908 0.01599
27398906000 2.00381 -0.29553 0.45381 -0.14712 0.98881 0.01841 0.01663
27598907000 2.01727 -0.30048 0.46068 -0.14639 0.98895 0.01779 0.01549
27798906999 2.03819 -0.32835 0.46469 -0.15001 0.98839 0.01804 0.01591
27998906999 2.05022 -0.3246 0.47233 -0.15041 0.98831 0.0187 0.01634
28198913000 2.0803 -0.33442 0.479 -0.15203 0.98806 0.01948 0.01539
28399906999 2.06393 -0.327 0.49635 -0.15459 0.98763 0.02012 0.01715
28599910000 2.09552 -0.34645 0.50268 -0.15842 0.98705 0.01976 0.01585
28798905999 2.08541 -0.35148 0.50477 -0.16046 0.98673 0.01924 0.01563
28998906999 2.08397 -0.38867 0.50101 -0.16352 0.98625 0.01889 0.01456
29198906999 2.08195 -0.39436 0.51217 -0.1645 0.98606 0.01984 0.01489
29398907000 2.08169 -0.40332 0.51363 -0.16543 0.98589 0.02059 0.01503
29598908000 2.07943 -0.40745 0.51262 -0.16556 0.98587 0.02093 0.01489
29798906999 2.08297 -0.41832 0.51079 -0.16673 0.98566 0.02086 0.01543
29998906999 2.09339 -0.4343 0.50314 -0.16631 0.98576 0.02017 0.01433
30198909000 2.08844 -0.43918 0.50747 -0.16668 0.98568 0.02013 0.01575
30399906999 2.09517 -0.44364 0.51143 -0.16647 0.98571 0.01993 0.01613
30599909000 2.12499 -0.46706 0.51396 -0.16812 0.98544 0.02025 0.01508
30799918999 2.11992 -0.46344 0.52769 -0.16955 0.98515 0.02041 0.01748
30999907000 2.15529 -0.48488 0.53849 -0.17175 0.98478 0.02043 0.01697
31199909000 2.21907 -0.52045 0.50962 -0.17616 0.98412 0.01883 0.01069
31399907999 2.2613 -0.53336 0.5143 -0.18077 0.98327 0.01893 0.01169
31599907000 2.29029 -0.54599 0.53215 -0.18242 0.98298 0.01838 0.01167
31799914000 2.31439 -0.56548 0.54494 -0.18501 0.98251 0.01786 0.01146
31999908999 2.33399 -0.56467 0.5617 -0.18664 0.98219 0.01829 0.01171
32199917999 2.35541 -0.58273 0.56114 -0.18799 0.98195 0.01811 0.01069
32399931999 2.41819 -0.60705 0.5752 -0.19043 0.98152 0.01683 0.00862
32599949000 2.42982 -0.613 0.60149 -0.19249 0.98111 0.01679 0.00967
32799906999 2.43847 -0.61862 0.60371 -0.19492 0.98063 0.01721 0.00883
32999910999 2.41094 -0.61419 0.6093 -0.19656 0.98025 0.01876 0.01068
33199907000 2.38296 -0.60812 0.6064 -0.19389 0.98077 0.01934 0.01099
33399906000 2.3695 -0.60646 0.60506 -0.19382 0.98076 0.01989 0.01239
33599907000 2.36515 -0.59161 0.6097 -0.19239 0.98099 0.02137 0.0135
33799908000 2.35708 -0.56869 0.6152 -0.19041 0.98135 0.02225 0.01395
33999907000 2.34527 -0.55396 0.6084 -0.18798 0.98183 0.02202 0.01381
34199907000 2.34068 -0.53887 0.60987 -0.18536 0.98233 0.02167 0.01437
34399906999 2.33627 -0.51809 0.6013 -0.17896 0.98356 0.02045 0.01293
34600909000 2.33405 -0.51785 0.60306 -0.18322 0.98274 0.02055 0.01529
34800908999 2.34894 -0.49553 0.60629 -0.18018 0.9833 0.02056 0.01493
34999910999 2.37258 -0.49552 0.6022 -0.17892 0.98355 0.02074 0.01361
35199907000 2.37487 -0.48461 0.60859 -0.18059 0.98321 0.02172 0.01488
35399906999 2.37582 -0.46301 0.61599 -0.18271 0.98275 0.02304 0.01717
35600906999 2.41589 -0.45506 0.612 -0.17925 0.98342 0.02334 0.01416
35800907000 2.44149 -0.4703 0.62288 -0.18517 0.98225 0.02395 0.01796
36000909999 2.47444 -0.46817 0.63057 -0.18602 0.98209 0.02393 0.01805
36200907999 2.50708 -0.46251 0.6482 -0.18474 0.98235 0.02359 0.01758
36400908000 2.47775 -0.44349 0.65881 -0.18839 0.98154 0.02432 0.02225
36600918000 2.51124 -0.4531 0.65159 -0.18637 0.98201 0.0252 0.01675
36800921999 2.41004 -0.39886 0.66577 -0.19169 0.98075 0.02641 0.02626
37000953000 2.4586 -0.42197 0.63908 -0.1894 0.98139 0.02521 0.0191
37200946999 2.47355 -0.40204 0.63613 -0.18549 0.9822 0.02403 0.01755
37400910000 2.48522 -0.39894 0.63215 -0.18211 0.98289 0.023 0.01558
37600906000 2.49792 -0.38773 0.63191 -0.17958 0.98338 0.02239 0.01488
37800905999 2.49995 -0.36817 0.6384 -0.18054 0.98313 0.02324 0.01771
38000906000 2.52402 -0.34898 0.64567 -0.17857 0.98346 0.02396 0.01877
38200907000 2.53422 -0.34274 0.64276 -0.18168 0.98286 0.02409 0.01999
38400905999 2.5581 -0.32697 0.64969 -0.18795 0.98162 0.02426 0.02256
38600906999 2.5796 -0.31975 0.65063 -0.18851 0.98155 0.02428 0.02065
38800907000 2.59044 -0.29683 0.65355 -0.18722 0.98182 0.0243 0.01993
39000906999 2.59464 -0.27793 0.65573 -0.18635 0.98197 0.02445 0.02022
39201906999 2.59663 -0.2707 0.6529 -0.1855 0.98213 0.02458 0.0203
39400908000 2.61317 -0.25659 0.65172 -0.18674 0.98189 0.02494 0.01972
39601917999 2.60467 -0.22934 0.65206 -0.18589 0.98205 0.02505 0.01983
39801909000 2.61507 -0.21857 0.65666 -0.18718 0.98181 0.02487 0.01969
40001908999 2.61446 -0.21557 0.66208 -0.18755 0.98174 0.02431 0.02066
40201909000 2.64027 -0.19071 0.66785 -0.18924 0.98144 0.02453 0.01898
40401907000 2.62029 -0.17623 0.66837 -0.18796 0.98169 0.02335 0.02003
40601906999 2.63411 -0.16919 0.67251 -0.19033 0.98124 0.02347 0.01971
40801906999 2.66227 -0.17003 0.6716 -0.19058 0.98118 0.02356 0.02041
41001907000 2.66554 -0.16062 0.68518 -0.19054 0.98121 0.0234 0.01952
41201906999 2.63383 -0.14228 0.70197 -0.18964 0.98135 0.02335 0.02118
41401924000 2.67283 -0.15326 0.73237 -0.19062 0.9812 0.02407 0.01833
41601919000 2.59242 -0.15629 0.7222 -0.1893 0.98137 0.02313 0.02337
41801940000 2.61766 -0.16781 0.73406 -0.19047 0.98115 0.02432 0.02159
42001918000 2.60895 -0.15615 0.74177 -0.18981 0.98126 0.02486 0.022
42201906999 2.58912 -0.15444 0.73917 -0.19023 0.98114 0.02553 0.02296
42401907000 2.53052 -0.12567 0.71597 -0.18774 0.98156 0.02567 0.02539
42601906999 2.57149 -0.1153 0.71633 -0.18774 0.98164 0.02481 0.02276
42801906999 2.55816 -0.13464 0.7218 -0.18853 0.98147 0.02532 0.02309
43002907000 2.54916 -0.13922 0.7481 -0.18884 0.98139 0.02597 0.02333
43201906999 2.54631 -0.13727 0.76622 -0.18864 0.9814 0.02639 0.02385
43401907999 2.47644 -0.11586 0.74063 -0.18721 0.9816 0.02612 0.02715
43601906999 2.50265 -0.08705 0.7379 -0.18527 0.98204 0.02436 0.02605
43801906999 2.56402 -0.12975 0.72487 -0.18633 0.98199 0.02293 0.02131
44001907000 2.55461 -0.13324 0.73421 -0.18599 0.98203 0.0231 0.02216
44201906999 2.55959 -0.14693 0.74701 -0.18659 0.98189 0.0241 0.02232
44402911000 2.41882 -0.08232 0.7426 -0.18329 0.98216 0.02575 0.03319
44602908999 2.55507 -0.12454 0.73362 -0.18428 0.98232 0.02529 0.0214
44801909000 2.5211 -0.09491 0.73394 -0.18619 0.98186 0.02534 0.02533
45002909000 2.62197 -0.13392 0.71666 -0.18864 0.98159 0.02496 0.01654
45201909999 2.53101 -0.09023 0.73449 -0.19013 0.98114 0.02461 0.02455
45402909999 2.52653 -0.05864 0.74562 -0.18971 0.98123 0.02479 0.0242
45602907000 2.52446 -0.03218 0.73731 -0.18993 0.98128 0.02429 0.0208
45802909999 2.53135 -0.04431 0.74198 -0.19406 0.98049 0.02453 0.01962
46002912000 2.51989 -0.03443 0.74737 -0.1949 0.98033 0.0247 0.01902
46203912000 2.52009 -0.02694 0.75848 -0.19591 0.98014 0.02451 0.01846
46402926000 2.56646 -0.06508 0.73327 -0.19853 0.9797 0.02239 0.01643
46602935999 2.54812 -0.04716 0.75414 -0.19866 0.97967 0.02212 0.01689
46802947000 2.56391 -0.05311 0.75786 -0.19889 0.97964 0.02261 0.01554
47002909000 2.56726 -0.0592 0.76297 -0.1992 0.97956 0.0232 0.01529
47202921000 2.5773 -0.06555 0.77285 -0.1992 0.97957 0.02382 0.01397
47402911000 2.5641 -0.06058 0.78633 -0.19871 0.97965 0.024 0.01509
47602907000 2.57117 -0.04803 0.79969 -0.19797 0.97982 0.02331 0.01447
47802906999 2.5776 -0.04609 0.81287 -0.19637 0.98018 0.02262 0.0134
48002907000 2.59106 -0.05239 0.82993 -0.19538 0.98039 0.02265 0.01191
48202907000 2.58163 -0.05096 0.83244 -0.19399 0.98068 0.022 0.01252
48402906999 2.57555 -0.03619 0.83655 -0.19265 0.98093 0.02226 0.01307
48603907999 2.57371 -0.03335 0.84403 -0.19194 0.98106 0.02237 0.01339
48802906999 2.58424 -0.03821 0.84733 -0.1918 0.98113 0.02151 0.0114
49002909000 2.58503 -0.02299 0.84464 -0.19076 0.98132 0.02203 0.01179
49202925999 2.5713 -0.01009 0.84645 -0.18947 0.98155 0.0225 0.01266
49402914000 2.58085 -0.00508 0.84645 -0.19005 0.98144 0.02257 0.01204
49602907000 2.59896 -0.01319 0.84519 -0.19163 0.98117 0.022 0.01006
49802906999 2.55895 0.00336 0.84371 -0.19001 0.98146 0.02176 0.01247
50002918000 2.5776 0.01099 0.84694 -0.1915 0.98116 0.02269 0.01208
50202910000 2.5867 0.02186 0.84591 -0.19158 0.98115 0.02253 0.01143
50402906999 2.60141 0.0149 0.84356 -0.19357 0.98076 0.02287 0.01123
50602907999 2.59468 0.02365 0.84574 -0.194 0.98066 0.02329 0.0115
50802906999 2.57192 0.03574 0.84194 -0.19441 0.98058 0.02273 0.01229
51003922000 2.57639 0.04333 0.82118 -0.19259 0.98096 0.02214 0.01141
51203907000 2.59076 0.04667 0.81388 -0.19371 0.98076 0.02204 0.01011
51403906999 2.59344 0.04618 0.80422 -0.1948 0.98055 0.02138 0.01044
51603906000 2.59156 0.04285 0.79732 -0.19499 0.98051 0.0216 0.01079
51803907000 2.58672 0.04529 0.78862 -0.19411 0.98067 0.0216 0.01168
52003906999 2.58589 0.04961 0.77478 -0.19335 0.98082 0.02176 0.01188
52203929000 2.5961 0.04799 0.76217 -0.19261 0.98096 0.0224 0.01039
52403931999 2.58694 0.06737 0.75843 -0.19038 0.98139 0.023 0.01006
52603951000 2.58364 0.06453 0.7573 -0.18842 0.98177 0.02454 0.00567
52803905999 2.56842 0.07875 0.76534 -0.18572 0.98227 0.02569 -0.00036
53003909999 2.53902 0.0696 0.7679 -0.18589 0.98216 0.02724 -0.00737
53203907000 2.53592 0.09407 0.75666 -0.18262 0.98255 0.02865 -0.02061
53403908000 2.51062 0.11204 0.74952 -0.18193 0.98229 0.03168 -0.03169
53604906999 2.49387 0.12968 0.72129 -0.18328 0.98153 0.03458 -0.04249
53805906999 2.4688 0.19727 0.74247 -0.18648 0.98012 0.03965 -0.05493
54004907000 2.45561 0.23396 0.75093 -0.19666 0.97752 0.0463 -0.06029
54205907000 2.5101 0.2987 0.84056 -0.20424 0.97439 0.05366 -0.07728
54405917000 2.51114 0.31592 0.87071 -0.21266 0.97105 0.05866 -0.09165
54605907000 2.50784 0.31132 0.91959 -0.22179 0.96832 0.0636 -0.09548
54805906999 2.50361 0.35761 0.95249 -0.228 0.9669 0.06732 -0.09264
55005907000 2.60409 0.36462 0.9432 -0.23252 0.9658 0.06969 -0.09114
55205908000 3.16353 0.44313 0.89463 -0.22565 0.96704 0.07172 -0.09363
55405906999 3.56235 0.54904 0.89284 -0.2258 0.96772 0.07053 -0.08695
55605907000 4.02768 0.75157 0.87632 -0.22768 0.96722 0.07199 -0.08642
55805906999 4.62862 0.94081 0.85601 -0.22932 0.96642 0.07547 -0.08805
56005918999 5.29877 1.01083 0.80953 -0.23177 0.96607 0.07248 -0.08793
56205930000 6.12702 0.98174 0.74674 -0.23409 0.96507 0.07196 -0.09307
56405943999 6.97808 1.07788 0.69563 -0.23435 0.96477 0.07087 -0.09629
56605905999 7.92147 1.14474 0.61798 -0.23491 0.96457 0.07077 -0.09706
56805906999 8.95538 1.3378 0.55446 -0.23527 0.9645 0.0717 -0.09612
57005907000 10.10391 1.55241 0.46806 -0.23547 0.9643 0.07419 -0.09581
57205916000 11.34476 1.79868 0.36599 -0.23455 0.96377 0.08089 -0.09796
57405909000 12.66024 1.976 0.28104 -0.23555 0.96348 0.08435 -0.09546
57605919000 14.02155 2.15743 0.18005 -0.23507 0.96327 0.08726 -0.09613
57805929999 15.15801 2.94742 0.21403 -0.23234 0.96688 0.07282 -0.07654
58005949000 16.65668 2.79127 0.12831 -0.2328 0.96497 0.08408 -0.08704
58205944000 18.47227 2.13365 0.01243 -0.2507 0.95956 0.08805 -0.09293
58406906999 20.10346 3.06011 0.00049 -0.24398 0.96194 0.08626 -0.0878
58606906999 21.98626 2.94193 -0.14843 -0.24538 0.96116 0.08939 -0.08931
58806907000 23.86226 3.2625 -0.09027 -0.24571 0.96101 0.08841 -0.09094
59006909000 25.8531 3.30276 -0.10613 -0.24707 0.96036 0.08841 -0.09411
59206907000 27.90018 3.45087 -0.10708 -0.24742 0.96014 0.08843 -0.0954
59406906999 30.0493 3.57681 -0.10286 -0.24829 0.95986 0.08779 -0.09657
59606906999 32.2753 3.90803 -0.10533 -0.24773 0.9603 0.08728 -0.09403
59806907000 34.56174 4.56997 -0.14249 -0.24585 0.96127 0.08688 -0.08928
60006917000 36.98378 4.87404 -0.103 -0.24545 0.96145 0.08589 -0.08943
60206907000 39.57794 4.34841 0.01509 -0.24895 0.95963 0.08573 -0.0989
60406906999 42.13314 4.11861 0.06157 -0.24998 0.95917 0.08547 -0.10095
60606906999 44.8232 4.29603 0.07644 -0.25008 0.95913 0.08522 -0.10135
60806907000 47.61661 4.55596 0.0445 -0.24881 0.95903 0.08561 -0.10497
61006906999 50.15664 5.64085 0.19728 -0.24706 0.95903 0.08966 -0.10573
61206907000 53.0841 5.80895 0.10985 -0.24727 0.95895 0.09105 -0.1048
61407907000 56.29467 6.21804 -0.05509 -0.24701 0.95868 0.09317 -0.10602
61606921999 59.4363 6.83451 -0.08893 -0.24565 0.95923 0.09262 -0.10464
61807907000 63.03156 6.51651 -0.26699 -0.24729 0.95849 0.09211 -0.10802
62007907000 66.42507 6.75405 -0.37507 -0.24745 0.95805 0.09191 -0.1116
62207906999 70.00202 5.40292 -0.50131 -0.24984 0.95739 0.09267 -0.11135
62407907000 73.81445 1.53105 -0.56579 -0.25727 0.95501 0.0878 -0.11857
62607906999 77.56224 -0.20595 -0.71883 -0.26074 0.95374 0.08545 -0.12284
62807907000 82.70867 -1.56536 -1.37307 -0.26371 0.95265 0.08236 -0.12702
63007908000 86.6311 -1.65368 -1.55962 -0.26277 0.95262 0.08255 -0.12904
63207906999 90.67748 4.49415 -2.05946 -0.24927 0.95736 0.08063 -0.12177
63407912000 94.24151 10.87818 -2.22855 -0.23731 0.96198 0.07661 -0.11143
63607906999 98.12771 10.83699 -2.4104 -0.23752 0.96232 0.07592 -0.10849
63807907000 102.09616 11.14205 -2.60602 -0.23775 0.96219 0.07601 -0.10902
64007907000 106.48048 11.46188 -2.87187 -0.23806 0.96134 0.07918 -0.1135
64208906999 111.4098 12.39911 -3.25383 -0.23496 0.96237 0.07862 -0.1116
64407906999 116.65875 11.65532 -3.69863 -0.2363 0.96116 0.07844 -0.1191
64607906999 121.54537 12.10756 -4.03672 -0.23507 0.96128 0.07743 -0.12121
64808907000 125.78394 13.30146 -4.21505 -0.23439 0.96229 0.07657 -0.11487
65008916999 130.09076 15.484 -4.39073 -0.23188 0.964 0.08001 -0.10267
65208907999 136.22644 17.88895 -5.17274 -0.22765 0.96551 0.07417 -0.10226
65407906999 144.89007 10.79444 -6.11475 -0.24765 0.95604 0.0782 -0.13618
65608907000 147.14797 19.24965 -6.09535 -0.23685 0.96117 0.0801 -0.11679
65808907000 153.45361 17.94145 -6.58646 -0.23036 0.96298 0.07482 -0.11834
66008906999 158.45753 17.96813 -6.96997 -0.23331 0.96313 0.07396 -0.11168
66207907000 163.68923 18.52565 -7.32343 -0.23755 0.96211 0.07684 -0.10957
66408912000 169.0026 21.85837 -7.64382 -0.23699 0.96183 0.08284 -0.10886
66608908999 173.00206 11.0978 -8.27484 -0.26307 0.95559 0.08299 -0.10375
66808905999 181.07361 22.48706 -8.65171 -0.24657 0.95942 0.07917 -0.11157
67008921000 188.89093 15.38071 -9.61861 -0.2507 0.95696 0.07758 -0.12394
67208906999 194.27547 18.15974 -9.82732 -0.2502 0.95842 0.07622 -0.11409
67408906000 200.42061 22.92624 -10.19318 -0.24533 0.96002 0.07561 -0.11165
67608907000 202.67397 -12.25011 -11.0029 -0.29717 0.9442 0.07344 -0.12157
67808907000 214.56931 21.32963 -11.55636 -0.2505 0.95769 0.0721 -0.122
68009906999 221.31745 26.63255 -12.09737 -0.24366 0.95943 0.06874 -0.1241
68209907000 228.30478 26.47495 -12.72408 -0.24425 0.96005 0.06793 -0.11847
68409907000 234.19213 27.66702 -13.13022 -0.24316 0.95943 0.07403 -0.122
68609907000 247.55922 28.4341 -15.27986 -0.2428 0.95558 0.06932 -0.15204
68809906999 252.06937 21.59194 -15.44927 -0.25424 0.95474 0.07377 -0.13565
69009906999 257.64145 20.75802 -15.74283 -0.2549 0.95546 0.07812 -0.1266
69209908999 265.15073 20.97854 -16.45096 -0.25738 0.95346 0.08324 -0.13319
69409907000 270.42805 27.96492 -16.40099 -0.24689 0.95819 0.08994 -0.11327
69609907000 278.09834 28.17403 -17.10237 -0.24633 0.9569 0.08714 -0.12676
69809906999 285.23823 23.2534 -17.84212 -0.25768 0.95485 0.08909 -0.11805
70009906999 293.0022 23.53325 -18.54159 -0.25496 0.95603 0.0876 -0.11546
70210907000 302.22838 21.30593 -19.57888 -0.26126 0.95318 0.08936 -0.12331
70410933999 310.2674 22.50276 -20.25916 -0.25993 0.95332 0.09089 -0.1239
70610906999 318.47032 22.49817 -21.00544 -0.26257 0.95282 0.09069 -0.12233
70810931999 325.31402 18.11603 -21.53034 -0.26741 0.95247 0.08959 -0.11516
71010907000 334.45775 19.62076 -22.38701 -0.26628 0.95234 0.09076 -0.11796
71210905999 343.23206 21.1578 -23.17617 -0.2656 0.9525 0.09067 -0.11826
71410906999 353.45914 21.46603 -24.33964 -0.26658 0.95173 0.08933 -0.12318
71611907000 362.28082 24.90312 -25.04185 -0.26234 0.95276 0.09207 -0.12228
71811908000 374.34828 23.35164 -26.73938 -0.26727 0.95042 0.08736 -0.13281
72011906999 384.39352 25.04628 -27.82533 -0.26602 0.95072 0.08779 -0.13291
72211906999 396.31413 26.5491 -29.39313 -0.2648 0.95022 0.08733 -0.13904
72411906999 407.4471 31.67997 -30.64099 -0.25966 0.95114 0.08809 -0.14197
72611906000 419.44515 33.46934 -32.19229 -0.25886 0.95045 0.08543 -0.14949
72811918000 428.90984 35.80255 -32.97337 -0.25754 0.95025 0.08901 -0.15088
73011906999 437.8831 37.0629 -33.61272 -0.25923 0.94948 0.09173 -0.15123
73211906999 444.56609 37.98168 -33.55364 -0.26033 0.94969 0.09574 -0.14542
73411906999 453.66281 39.30447 -34.16569 -0.25951 0.95014 0.0961 -0.14372
73612907000 463.97408 39.26167 -35.1255 -0.26232 0.94917 0.09613 -0.14501
73811905999 473.87227 39.2059 -35.96132 -0.26425 0.94856 0.09728 -0.14473
74011908000 484.30556 39.95776 -36.92904 -0.26594 0.94801 0.09676 -0.14555
74211906999 494.13992 40.96259 -37.65592 -0.26464 0.94784 0.0975 -0.14853
74411906999 504.76609 41.78324 -38.64128 -0.26419 0.94703 0.09804 -0.15404
74611906000 515.3484 43.51207 -39.46407 -0.26508 0.94545 0.09828 -0.16184
74812909000 526.29265 44.32932 -40.48706 -0.26893 0.94397 0.09857 -0.16398
75012930999 546.6716 44.86266 -44.30891 -0.26631 0.94269 0.09835 -0.17533
75213907000 555.29651 46.41516 -44.70746 -0.26572 0.94231 0.09587 -0.1796
75412952000 564.72049 47.37974 -45.20893 -0.26741 0.9408 0.09913 -0.18321
75612907000 577.00298 48.01428 -46.69303 -0.26845 0.94001 0.10067 -0.18487
75812906999 590.59306 47.96628 -48.56527 -0.26961 0.93873 0.1021 -0.18889
76012906999 606.037 48.0116 -51.01898 -0.26936 0.93799 0.10174 -0.19308
76212907000 621.0195 47.64085 -53.25638 -0.27166 0.93618 0.10155 -0.19863
76412907000 637.68081 46.52298 -56.01051 -0.27168 0.93543 0.10052 -0.20264
76613906999 656.77958 45.09929 -59.47667 -0.27149 0.93516 0.09696 -0.20585
76813906000 674.32439 46.46917 -62.38691 -0.26954 0.93432 0.09637 -0.21238
77013907000 723.26162 2.88741 -74.54425 -0.3047 0.9209 0.05595 -0.23658
77213907000 710.23695 44.83543 -68.24529 -0.27056 0.93369 0.09149 -0.21599
77413906999 722.87723 46.72016 -69.54084 -0.26887 0.93294 0.09375 -0.22032
77613906999 736.77991 46.5308 -71.21228 -0.26744 0.93252 0.09283 -0.22421
77813907000 750.41419 45.10549 -72.77586 -0.26815 0.93201 0.09231 -0.22568
78013909999 766.65248 45.90989 -75.10568 -0.26529 0.93266 0.09176 -0.2266
78213905999 781.43477 46.23088 -77.03219 -0.2639 0.93232 0.09348 -0.2289
78413906999 799.86748 48.28625 -79.8663 -0.26187 0.93149 0.09421 -0.23424
78613906999 815.11696 48.71584 -81.91799 -0.26635 0.93059 0.09416 -0.23282
78813925999 834.75138 49.85375 -85.53198 -0.25955 0.92976 0.09506 -0.2432
79013907000 850.1878 51.50852 -87.43644 -0.25786 0.9299 0.09589 -0.24412
79213905999 866.077 52.09189 -89.64027 -0.26111 0.92717 0.09805 -0.25012
79413906999 883.89682 51.80629 -92.28788 -0.26111 0.92781 0.0972 -0.24808
79613906999 900.19736 52.33401 -94.58693 -0.26209 0.92654 0.09855 -0.25125
79813907000 917.40674 54.62939 -96.89816 -0.25972 0.92693 0.0983 -0.25235
80013906000 933.73522 55.85611 -99.06814 -0.25945 0.92608 0.09909 -0.25544
80213907000 951.41226 56.79241 -101.62461 -0.25886 0.9257 0.09899 -0.25742
80413906999 970.61555 57.45247 -104.7082 -0.25767 0.9252 0.09901 -0.2604
80613910000 988.64078 57.4668 -107.37534 -0.25715 0.9246 0.10015 -0.26258
80813907000 1007.02824 56.84426 -110.1519 -0.25688 0.92401 0.10151 -0.26441
81013907000 1023.98168 57.77266 -112.40004 -0.2543 0.9238 0.1041 -0.26663
81214907999 1042.71664 57.73468 -115.32714 -0.25403 0.92323 0.10432 -0.26878
81413906999 1060.31823 57.88856 -117.69703 -0.25164 0.92329 0.10556 -0.27032
81614907000 1079.01044 58.52333 -120.57654 -0.25065 0.92316 0.10652 -0.27128
81814907000 1097.3574 59.26053 -123.29025 -0.24798 0.92326 0.10821 -0.27274
82013906000 1115.79723 60.02011 -126.01929 -0.24856 0.92196 0.10945 -0.27611
82213907000 1132.90803 63.33953 -128.39952 -0.24866 0.92251 0.11096 -0.27355
82413920000 1155.98124 64.86602 -132.23954 -0.24807 0.92256 0.11092 -0.27395
82613919999 1175.00752 65.49872 -134.95576 -0.24781 0.92228 0.11151 -0.27487
82814907000 1191.00239 66.24901 -136.67505 -0.24836 0.92179 0.11098 -0.27623
83014905999 1209.82362 67.21765 -139.27674 -0.24942 0.92118 0.11105 -0.27729
83214906999 1231.46033 68.73645 -142.955 -0.24843 0.92056 0.11366 -0.27917
83414906999 1251.10223 71.52518 -145.81233 -0.24974 0.91917 0.11333 -0.2827
83614906000 1271.73229 73.51779 -149.04698 -0.24915 0.91861 0.1136 -0.2849
83815907999 1292.08315 74.97357 -152.19332 -0.24916 0.91774 0.1139 -0.28758
84015906999 1312.43264 76.19327 -155.26097 -0.25051 0.9167 0.11371 -0.28979
84215913999 1333.01056 77.43454 -158.41439 -0.24981 0.91677 0.11205 -0.29083
84415907000 1353.90138 78.8551 -161.42823 -0.25231 0.91498 0.11309 -0.29388
84615908000 1374.84334 80.14637 -164.64835 -0.25176 0.91628 0.11186 -0.29074
84815906999 1397.73416 79.80804 -168.68812 -0.2541 0.91251 0.11487 -0.29926
85015906999 1419.14647 81.0795 -172.02742 -0.25129 0.91255 0.11923 -0.29982
85215907000 1440.75869 82.37048 -175.40943 -0.25689 0.91212 0.12056 -0.29583
85415907000 1462.55099 83.94518 -178.83815 -0.25738 0.91074 0.12616 -0.29731
85615907000 1492.58583 86.95565 -185.20813 -0.26005 0.91034 0.12859 -0.29517
85815906999 1514.96849 88.22615 -188.71901 -0.26292 0.90966 0.13331 -0.29262
86015906999 1537.62347 89.66147 -192.39477 -0.2657 0.90825 0.13628 -0.2931
86215907000 1561.273 91.2083 -196.38852 -0.26306 0.90879 0.13689 -0.29353
86415907000 1584.34896 92.67401 -200.17022 -0.26323 0.90721 0.13697 -0.29819
86615909999 1607.59424 94.36568 -203.92541 -0.26084 0.90798 0.13552 -0.29861
86815906999 1630.32294 95.52738 -207.38721 -0.26032 0.90895 0.13481 -0.29641
87015906999 1653.74057 96.32763 -211.13831 -0.25985 0.90816 0.13471 -0.29928
87215906000 1676.83991 97.83961 -214.81394 -0.25916 0.90757 0.13596 -0.30111
87415907000 1700.60448 99.09963 -218.69896 -0.25862 0.90743 0.13663 -0.3017
87615931000 1724.78076 100.05953 -222.70287 -0.25795 0.90749 0.13692 -0.30194
87815905999 1749.67977 101.39403 -227.00539 -0.25661 0.90749 0.13499 -0.30396
88015906999 1774.17463 102.96243 -231.0649 -0.25454 0.90748 0.13387 -0.30623
88215916000 1799.92788 105.55702 -235.77572 -0.25272 0.90827 0.13171 -0.30633
88415907000 1824.94692 107.1604 -240.03399 -0.25288 0.90713 0.12973 -0.3104
88615909999 1848.40637 111.36725 -243.65048 -0.24864 0.90858 0.13196 -0.30863
88815906999 1873.73878 113.16935 -247.96574 -0.24962 0.90742 0.13055 -0.31183
89015907999 1897.67907 116.3158 -251.6685 -0.24615 0.91014 0.13637 -0.30405
89215909999 1922.63959 118.76034 -255.76277 -0.24598 0.9094 0.13714 -0.30606
89415907000 1948.19901 120.56354 -260.0642 -0.24562 0.90981 0.13778 -0.30485
89615907000 1973.54643 122.61149 -264.25161 -0.24559 0.90955 0.13868 -0.30525
89815906999 1999.17602 124.64841 -268.52237 -0.24556 0.90988 0.13877 -0.30423
90015906999 2025.02967 126.29934 -272.8647 -0.24475 0.90954 0.13939 -0.30561
90215907000 2049.99776 128.93935 -276.80141 -0.24532 0.90932 0.13972 -0.30567
90415908999 2075.60662 131.16025 -280.95581 -0.24495 0.90913 0.14003 -0.3064
90616907999 2102.70814 132.47317 -285.64504 -0.24417 0.90973 0.13937 -0.30552
90816907000 2128.03629 133.45274 -289.51169 -0.24503 0.90912 0.14039 -0.30618
91016908000 2155.20434 135.54258 -294.16933 -0.24491 0.90675 0.14182 -0.31259
91216908000 2178.77379 139.50767 -297.25156 -0.24436 0.91013 0.13766 -0.30496
91416910000 2205.85549 65.47467 -301.97391 -0.27952 0.90058 0.13056 -0.30624
91616917999 2226.06876 144.93466 -303.31885 -0.24549 0.91028 0.13975 -0.30265
91816920999 2258.45995 151.14317 -310.02585 -0.24428 0.91057 0.13923 -0.30299
92016912000 2289.42065 154.1145 -316.12058 -0.24446 0.90987 0.13805 -0.30548
92216909000 2317.6176 158.20603 -321.03382 -0.24565 0.90899 0.13717 -0.30754
92417906999 2344.27284 162.78234 -325.21221 -0.246 0.90843 0.13758 -0.30874
92617907000 2371.16965 165.34316 -329.43178 -0.24749 0.90764 0.13796 -0.30968
92817914999 2400.21525 163.86217 -334.44953 -0.24897 0.90702 0.13822 -0.31021
93017906999 2427.76774 163.66749 -338.79618 -0.2495 0.90698 0.13894 -0.30957
93217906999 2456.01807 165.47768 -343.42671 -0.25011 0.90635 0.13904 -0.31086
93417906999 2485.47186 163.11671 -348.46634 -0.2504 0.90637 0.13864 -0.31075
93617907999 2514.42787 160.05003 -353.20799 -0.25146 0.90674 0.13854 -0.30887
93817907000 2542.39956 157.58189 -357.53892 -0.25402 0.90632 0.13842 -0.30807
94017906999 2569.13825 157.38896 -361.31005 -0.25499 0.906 0.13898 -0.30794
94217920000 2595.65889 156.50251 -364.93824 -0.25781 0.90609 0.13767 -0.30589
94417906999 2622.3087 158.72293 -368.66947 -0.26002 0.90548 0.13811 -0.30564
94617907000 2650.06622 161.31144 -372.79662 -0.26105 0.90514 0.13842 -0.30563
94818906999 2680.25658 165.11028 -377.87472 -0.26134 0.90514 0.13696 -0.30604
95017906999 2712.31905 162.72456 -383.77008 -0.26556 0.9041 0.13458 -0.30655
95218907000 2744.00692 158.58741 -389.46513 -0.2696 0.9022 0.13417 -0.30877
95418907000 2774.8819 160.75179 -394.82788 -0.27118 0.89908 0.13586 -0.3157
95618909999 2803.66756 154.96649 -399.00511 -0.2742 0.90041 0.13458 -0.30977
95818906999 2834.89099 156.71799 -404.41205 -0.27833 0.89864 0.13238 -0.31219
96018921000 2864.76145 145.26992 -408.97115 -0.27635 0.89996 0.13555 -0.30874
96218911000 2893.11164 140.29521 -412.91425 -0.27655 0.89941 0.13643 -0.3098
96418908999 2920.8246 140.31576 -416.61824 -0.27437 0.89929 0.13798 -0.31138
96618920000 2948.0729 141.98608 -420.13562 -0.27236 0.8996 0.13942 -0.31162
96818929999 2975.96459 145.1976 -423.87474 -0.27093 0.90023 0.14048 -0.31057
97018906999 3005.35788 139.23142 -428.10903 -0.26888 0.90098 0.14224 -0.30937
97218907000 3032.67296 110.8256 -428.75757 -0.27263 0.89709 0.13532 -0.32029
97418908999 3056.67779 108.86649 -432.94789 -0.27339 0.90117 0.14327 -0.30435
97618906999 3083.35109 107.25672 -435.8771 -0.27199 0.90187 0.14393 -0.30322
97818909000 3110.82121 104.11617 -439.17171 -0.27186 0.90214 0.14447 -0.30227
98018907999 2786.79638 -697.28415 -370.59167 0.51517 -0.82398 -0.16824 0.16538
98218907000 2873.11627 -132.66084 -292.08135 -0.3304 0.89374 0.14441 -0.26687
98419927000 2875.94709 -8.29345 -296.61482 -0.303 0.90217 0.15331 -0.26603
98619906999 3140.85815 118.6736 -416.90155 -0.2673 0.90585 0.14998 -0.29239
98818906999 3223.15658 129.68396 -445.16606 -0.26328 0.90417 0.1495 -0.30134
99020906999 3259.34863 132.83442 -452.15568 -0.26174 0.90476 0.14912 -0.30112
99219907000 3290.37957 134.11121 -456.89546 -0.26139 0.90484 0.14848 -0.30147
99419911999 3320.70998 134.36086 -461.25345 -0.26279 0.9042 0.14821 -0.30233
99619917000 3354.69288 136.13766 -467.12237 -0.26105 0.90477 0.14718 -0.30263
99819907000 3384.27553 134.36681 -471.05513 -0.26297 0.90309 0.14812 -0.30551
100019910999 3416.63934 136.41056 -476.19449 -0.2628 0.90328 0.14795 -0.30516
100219913000 3449.81437 135.93627 -481.68725 -0.26341 0.90268 0.1489 -0.30596
100419910000 3480.90919 131.92559 -486.21365 -0.26422 0.90236 0.15002 -0.30567
100619906999 3512.68745 133.06502 -490.91076 -0.26432 0.90148 0.15172 -0.30733
100819907000 3543.99545 130.82885 -495.36289 -0.26569 0.9011 0.15177 -0.30724
101020906999 3576.31574 130.6699 -500.15627 -0.26512 0.90063 0.15101 -0.30946
101219920999 3609.73998 128.27829 -505.5305 -0.26608 0.90051 0.15087 -0.30907
101420908999 3642.65884 128.07822 -510.46154 -0.26598 0.89991 0.15088 -0.31088
101619906999 3674.23186 125.92226 -514.88001 -0.26641 0.89962 0.14956 -0.31199
101820907000 3708.55537 126.95753 -520.46547 -0.26613 0.89898 0.14904 -0.31431
102020914000 3741.61682 126.77894 -525.47652 -0.26637 0.89849 0.14848 -0.31579
102219907000 3778.30962 132.63168 -532.04914 -0.26486 0.899 0.14758 -0.31603
102420910000 3815.40873 133.45193 -538.78167 -0.26576 0.8985 0.14779 -0.3166
102620908000 3850.9555 136.35014 -544.80185 -0.2673 0.89688 0.14836 -0.3196
102820907000 3885.31904 107.60835 -549.89398 -0.27469 0.89522 0.14922 -0.31759
103020906999 3906.64678 97.65276 -549.25625 -0.27659 0.89523 0.14938 -0.31584
103221933000 3662.99611 -587.25418 -444.68084 -0.41058 0.85899 0.13534 -0.2743
103420906999 3803.402 28.9225 -475.73763 -0.29106 0.89645 0.15173 -0.29771
103620908000 3926.16764 79.46136 -524.35232 -0.28151 0.89662 0.15032 -0.30695
103820909000 3985.65616 84.06353 -541.46839 -0.2808 0.89587 0.15047 -0.30971
104020905999 4024.37666 81.2991 -548.44971 -0.28211 0.89522 0.15074 -0.31028
104221907000 4058.21945 80.19525 -553.09411 -0.28194 0.89457 0.15132 -0.31202
104420906999 4092.17995 80.03753 -558.11728 -0.28153 0.89369 0.15305 -0.31408
104621909000 4128.52965 80.74373 -563.558 -0.2816 0.89337 0.1536 -0.31463
104821911999 4162.0554 76.32748 -567.86881 -0.28096 0.89348 0.15331 -0.31503
105021916000 4200.08842 76.77836 -574.45334 -0.28014 0.89347 0.15244 -0.31623
105220906999 4236.93352 71.64122 -580.52495 -0.28083 0.89305 0.15213 -0.31693
105420906999 4275.37986 67.56695 -587.28437 -0.28088 0.8927 0.15078 -0.31852
105620907000 4316.94091 74.65888 -595.14854 -0.27912 0.89258 0.14949 -0.321
105820907000 4359.07944 79.37688 -603.30616 -0.27688 0.89218 0.15074 -0.32346
106020919000 4398.37096 83.2207 -610.44804 -0.27695 0.89055 0.15132 -0.3276
106220917000 4437.86377 83.30844 -617.53291 -0.27755 0.88974 0.15208 -0.32894
106420933000 4477.39974 87.16544 -624.50774 -0.27663 0.8888 0.15364 -0.33153
106621908000 4519.78452 89.09807 -632.44402 -0.27662 0.88864 0.15258 -0.33245
106820952000 4559.23647 89.99655 -639.58399 -0.27871 0.88679 0.15334 -0.33528
107021907999 4600.49368 91.60769 -647.13696 -0.2801 0.88565 0.15312 -0.33722
107221907000 4644.27959 92.48062 -655.28294 -0.27929 0.88647 0.15045 -0.33695
107421908000 4685.03754 92.26823 -662.55895 -0.28116 0.88446 0.1493 -0.34115
107621906999 4686.29421 -31.47889 -629.30049 -0.30285 0.87197 0.13367 -0.36067
107822907999 4724.44306 61.99045 -655.03808 -0.29029 0.88232 0.14547 -0.34071
108022907000 4409.75332 -841.41659 -483.16452 -0.46348 0.8116 0.12908 -0.3314
108223906999 4525.81847 -176.58247 -510.43421 -0.32791 0.87671 0.14962 -0.31855
108423906999 4684.3948 36.49218 -596.12369 -0.29827 0.88263 0.15313 -0.32948
108623912000 4721.87531 36.05177 -601.48047 -0.30484 0.8797 0.15677 -0.32957
108823909000 4842.32917 76.47114 -649.34154 -0.29456 0.8798 0.15313 -0.34021
109022912000 4881.66054 76.88442 -655.6697 -0.29263 0.88086 0.15444 -0.33853
109223947999 4961.59726 86.03155 -682.5619 -0.28928 0.87957 0.14832 -0.34738
109423940999 4986.33843 -32.53137 -677.02521 -0.31063 0.87208 0.14532 -0.34911
109623908999 5026.97702 -34.47304 -683.70736 -0.30711 0.87542 0.14566 -0.34366
109823907000 5106.9997 46.36469 -713.74667 -0.28893 0.88012 0.14616 -0.34721
110024912000 5078.28293 -226.7878 -688.03772 -0.36118 0.8567 0.15942 -0.33196
110225909000 5191.81305 40.9372 -728.86008 -0.2931 0.8777 0.14736 -0.34931
110425912999 5234.4589 41.3365 -736.48016 -0.29302 0.87642 0.14441 -0.35378
110624909999 5286.14478 48.65979 -748.89158 -0.28932 0.87593 0.14003 -0.35976
110824909000 5329.79854 49.49738 -756.93775 -0.28463 0.8773 0.1366 -0.36148
111024906999 5374.68778 51.07515 -765.6643 -0.28829 0.87474 0.1327 -0.36622
111224909999 5330.62781 -248.64276 -754.03866 -0.44498 0.82706 0.17069 -0.29804
111424907000 5406.50904 24.78789 -750.86684 -0.30593 0.87694 0.14743 -0.34007
111625906999 5447.8524 23.93011 -757.29873 -0.30994 0.87522 0.15404 -0.33793
111824907999 5488.99506 23.06686 -763.71828 -0.31559 0.87257 0.15619 -0.33856
112025909999 5574.67457 50.85546 -794.86134 -0.30339 0.87254 0.15388 -0.35064
112224907999 5565.63361 -78.27385 -754.85465 -0.33905 0.80412 0.04454 -0.48627
112424926999 5640.46945 43.26495 -798.48103 -0.2932 0.87877 0.15714 -0.3422
112624923999 5683.90566 43.65024 -805.88673 -0.29319 0.876 0.15376 -0.35074
112824921000 5771.05034 56.65139 -836.996 -0.30356 0.8661 0.14576 -0.36943
113024956000 5653.27515 -242.01986 -729.66591 -0.48402 0.74972 0.1239 -0.43394
113224907999 5816.84151 43.28079 -828.86564 -0.30683 0.87101 0.14505 -0.3552
113424924000 5861.0057 43.41065 -836.37621 -0.30706 0.86761 0.14964 -0.36134
113625908999 5949.38476 58.17563 -868.14255 -0.3024 0.86878 0.14497 -0.36437
113825909999 6042.71223 -36.74989 -892.45232 -0.32677 0.72629 0.01166 -0.60463
114024907999 6054.28179 55.80526 -892.06739 -0.3046 0.86872 0.15204 -0.35976
114224907000 6114.51097 68.54198 -905.76099 -0.29598 0.8505 0.12334 -0.41694
114425909000 6154.16449 62.91584 -912.76537 -0.30163 0.86425 0.15499 -0.37159
114625906999 6203.0888 64.09497 -922.49528 -0.30176 0.86378 0.15442 -0.37279
114825907999 6249.09903 63.13586 -930.54245 -0.30403 0.86363 0.15826 -0.36969
115025907000 6302.06593 62.14735 -942.37057 -0.30792 0.866 0.1573 -0.36122
115225915999 6354.23884 66.40524 -953.73058 -0.30122 0.8678 0.16028 -0.36125
115425910000 6283.84828 -244.10829 -898.77152 -0.4576 0.76141 0.15836 -0.43102
115625906999 6413.26071 53.69104 -950.85799 -0.31204 0.86112 0.16498 -0.36589
115825907000 6461.53208 54.00244 -959.84012 -0.31221 0.86113 0.1604 -0.36776
116025906000 6547.92675 68.53195 -990.29537 -0.30151 0.86522 0.15367 -0.36997
116225907000 6598.74717 69.65947 -1000.63291 -0.29941 0.86472 0.15402 -0.37267
116425906999 6656.56738 70.70761 -1014.85216 -0.29707 0.8638 0.15305 -0.37705
116625906999 6453.55542 -370.26505 -907.09208 0.5105 -0.73924 -0.1783 0.4014
116825907000 6676.58156 43.84052 -988.32904 -0.31797 0.86454 0.16103 -0.35431
117025908999 6590.2078 -270.8287 -962.12463 -0.38886 0.84473 0.25336 -0.26652
117225928999 6791.00097 53.32897 -1016.08589 -0.30506 0.86614 0.16495 -0.35991
117425909000 6763.72255 -253.28676 -1002.30148 -0.42508 0.80269 0.1678 -0.3832
117625907999 6907.78857 56.60202 -1044.55684 -0.30492 0.86353 0.16219 -0.36746
117825907999 7061.98902 84.88978 -1112.48253 -0.28221 0.8032 0.04367 -0.5228
118026906999 7073.0766 73.77596 -1100.60957 -0.29632 0.86388 0.15085 -0.37834
118225909000 7119.05644 74.69219 -1107.69181 -0.29749 0.86387 0.15085 -0.37745
118425906999 7173.42872 75.94577 -1119.4153 -0.29571 0.86539 0.15131 -0.37519
118626908999 7227.61994 76.99506 -1130.87082 -0.29671 0.86323 0.15162 -0.37923
118826908000 7214.3562 -391.53906 -1159.59978 -0.45898 0.72205 0.05029 -0.51521
119026909000 7289.61918 49.66165 -1126.47254 -0.30984 0.86045 0.16328 -0.3701
119226906999 7342.47286 49.33938 -1137.00027 -0.31057 0.85793 0.16552 -0.37432
119426925999 7246.31624 -328.23349 -1117.31631 -0.38949 0.83481 0.27033 -0.27984
119626923000 7231.02485 -239.55247 -1053.43839 -0.37817 0.84598 0.24303 -0.28678
119827906999 7473.03455 33.19622 -1157.68788 -0.29897 0.86086 0.17971 -0.37046
120026950999 7525.78149 34.36825 -1167.98889 -0.29951 0.86053 0.18188 -0.36973
120226906999 7632.27821 42.39499 -1209.67672 -0.28976 0.85797 0.17858 -0.38475
120426917000 7626.37163 -297.36734 -1218.18958 -0.39578 0.81451 0.18335 -0.38252
120626906000 7715.01584 27.72902 -1216.37484 -0.29529 0.85683 0.1883 -0.37841
120826907000 7770.29586 28.36629 -1227.78703 -0.29809 0.85551 0.19565 -0.37545
121026906999 7856.16817 50.48411 -1257.26372 -0.28883 0.85605 0.19489 -0.38182
121226905999 7865.18824 -303.26226 -1277.71733 -0.42052 0.79323 0.16428 -0.4086
121426906999 7920.2295 -324.33918 -1291.24943 -0.42254 0.79292 0.16512 -0.40678
121626907000 7973.66342 -2.54125 -1264.55021 -0.31657 0.8483 0.21624 -0.36526
121826907000 7962.31078 -459.83853 -1315.48896 0.5442 -0.61877 0.08203 0.56057
122026906999 8045.39103 -31.18839 -1258.44532 -0.34039 0.8444 0.20134 -0.36136
122226906999 8098.44083 -32.41435 -1267.57884 -0.3385 0.84415 0.19449 -0.36742
122426906999 8034.42904 -413.9973 -1275.60869 -0.42237 0.81105 0.28146 -0.29083
122626907000 8231.38969 11.62178 -1307.55087 -0.31832 0.84848 0.18782 -0.37879
122826907000 8065.32875 -567.39068 -1314.98162 -0.44988 0.79008 0.29974 -0.28901
123026908000 8295.86302 -5.12068 -1298.93158 -0.32755 0.8466 0.19774 -0.36996
123226910000 8208.57761 -538.10966 -1327.14838 0.55076 -0.68894 -0.12779 0.45353
123426908999 8395.60585 -11.36012 -1312.1282 -0.329 0.84969 0.20064 -0.3599
123626907000 8399.10343 -343.00803 -1339.06382 -0.37091 0.83853 0.28163 -0.28279
123827906999 8530.18318 3.97336 -1348.23887 -0.32082 0.84862 0.19802 -0.37109
124026906999 8585.14329 4.90622 -1358.23516 -0.31781 0.84843 0.20115 -0.37244
124227907000 8704.36106 38.62867 -1408.90956 -0.30496 0.84642 0.19291 -0.3916
124426906999 8763.65728 41.58938 -1421.5256 -0.30783 0.84546 0.19281 -0.39148
124627921000 8866.14144 48.94289 -1460.3138 -0.30355 0.845 0.1836 -0.40014
124827906999 8943.8693 51.98111 -1484.01406 -0.30297 0.8432 0.18193 -0.40511
125027906999 9012.8888 55.7512 -1502.36407 -0.30308 0.84231 0.18171 -0.40697
125227913000 9078.47744 61.42702 -1518.58152 -0.30292 0.84166 0.18187 -0.40837
125427907000 9143.27258 67.32845 -1534.23448 -0.30259 0.8414 0.1825 -0.40888
125627916999 9208.54084 71.82224 -1550.07423 -0.30158 0.84157 0.18327 -0.40892
125827906999 9250.45691 -493.11816 -1630.61647 -0.42237 0.67045 -0.09081 -0.6032
126028917000 9297.24083 -1.78374 -1548.91178 -0.33457 0.83613 0.18326 -0.39416
126227919999 9241.78105 -657.10185 -1614.86531 -0.49483 0.65236 -0.07542 -0.56911
126427907000 9342.51102 -60.44821 -1514.35073 -0.35703 0.83398 0.18658 -0.37709
126628906999 9403.27727 -63.48359 -1526.0169 -0.35645 0.83279 0.18163 -0.38264
126828908999 9463.99164 -66.53541 -1537.71447 -0.354 0.83395 0.17834 -0.38393
127028947000 9592.52304 65.06046 -1610.0191 -0.29792 0.84369 0.17378 -0.41138
127228907000 9290.26632 -914.94574 -1628.59656 -0.44297 0.7815 0.32267 -0.2982
127428927999 9556.66984 -28.01083 -1526.91851 -0.33316 0.84506 0.20585 -0.36401
127629907000 9755.84461 77.26449 -1635.00404 -0.3018 0.84339 0.19161 -0.40113
127829908000 9819.60234 80.72497 -1649.07762 -0.30346 0.83925 0.19447 -0.40713
128029907000 9716.35708 -777.90157 -1717.24524 0.51465 -0.70101 -0.14958 0.47047
128229907999 9895.19748 28.86311 -1639.90327 -0.32094 0.84113 0.19988 -0.38671
128429909000 9957.33346 29.56987 -1652.52454 -0.32156 0.84043 0.19763 -0.38887
128629907000 9959.68946 -511.10054 -1734.9747 0.52483 -0.6108 0.10672 0.58317
128829906999 10082.41458 29.6412 -1678.37818 -0.32639 0.84248 0.19133 -0.38353
129029907000 10003.3849 -510.84442 -1706.0903 -0.40736 0.81191 0.29491 -0.29646
129229907999 10156.78298 17.95327 -1669.21636 -0.33463 0.83906 0.20859 -0.37482
129429923000 10217.02625 17.717 -1680.17107 -0.33433 0.83805 0.21116 -0.3759
129630907000 10358.36446 78.64363 -1747.70773 -0.3026 0.84023 0.19746 -0.40429
129829911000 10500.29184 -209.54435 -1832.75427 -0.38792 0.76414 0.06869 -0.51078
130029907000 10550.0993 72.80614 -1815.84889 -0.30839 0.83305 0.18524 -0.42024
130229907999 10639.59993 92.47842 -1845.55614 -0.29815 0.83419 0.18585 -0.42508
130429911000 10743.78784 -12.73006 -1888.47707 -0.3267 0.80496 0.12727 -0.47866
130629917000 10795.27098 100.72854 -1890.69221 -0.29858 0.83245 0.18406 -0.42896
130830906999 10869.96629 103.42455 -1910.18554 -0.29511 0.83293 0.1857 -0.42971
131029911999 10942.02896 106.02644 -1928.56144 -0.29465 0.83262 0.18802 -0.42963
131230907999 11014.30515 107.67071 -1946.67841 -0.29431 0.83246 0.19042 -0.42911
131430905999 11088.49071 107.00361 -1966.35032 -0.29462 0.83167 0.19034 -0.43045
131630907000 11161.71281 111.55743 -1985.27432 -0.29404 0.83097 0.19196 -0.43149
131830906999 11236.52532 110.61564 -2005.18443 -0.29386 0.8301 0.19121 -0.4336
132030907000 11293.90946 -384.75984 -2076.25158 -0.39339 0.72404 -0.02865 -0.56585
132230907999 11357.58082 30.42933 -2020.9732 -0.34138 0.81852 0.18736 -0.42236
132430905999 11431.06006 29.87811 -2039.51797 -0.34184 0.81749 0.18705 -0.4241
132630907000 11500.91635 113.5992 -2060.66969 -0.29866 0.83012 0.20119 -0.42571
132830906999 11583.89641 129.2891 -2085.21131 -0.29292 0.83052 0.2043 -0.42742
133030907000 11646.65812 -223.35829 -2111.07401 -0.35392 0.81458 0.19556 -0.41589
133230907000 11698.4112 73.58466 -2098.63731 -0.32001 0.82539 0.211 -0.41448
133430906999 11771.98325 75.04984 -2116.91723 -0.31749 0.82557 0.21058 -0.41628
133630907000 11868.75506 116.20993 -2151.09527 -0.29129 0.83226 0.21517 -0.41976
133830906999 11990.42491 -104.05506 -2211.52157 -0.32865 0.8077 0.16165 -0.46204
134030907000 12067.92858 -110.05503 -2232.73467 -0.32686 0.80904 0.16126 -0.46111
134230907000 12129.08522 107.33843 -2233.44627 -0.28939 0.82708 0.20512 -0.43603
134430906999 11989.28467 -807.84732 -2254.44256 -0.43698 0.79725 0.23053 -0.34684
134630907000 12209.58565 46.14924 -2223.93539 -0.30486 0.82504 0.21748 -0.42317
134830906999 12356.09166 108.27108 -2290.49604 -0.28506 0.82571 0.21464 -0.43689
135030907000 12449.14123 124.73196 -2321.23091 -0.28084 0.82526 0.21543 -0.44008
135230911999 12534.22729 128.14208 -2346.77183 -0.28008 0.82461 0.21503 -0.44197
135430905999 12613.02796 125.4854 -2368.6474 -0.28372 0.82275 0.21599 -0.44265
135630909000 12697.49736 136.19316 -2393.04244 -0.28278 0.82069 0.21829 -0.44593
135830925000 12777.02786 143.8055 -2414.33224 -0.28142 0.82028 0.21875 -0.44732
136030911000 12856.01096 143.43693 -2435.08031 -0.28179 0.81997 0.21872 -0.44766
136231907000 12937.14793 149.12274 -2457.62069 -0.28242 0.81903 0.21907 -0.44882
136430911000 13016.25248 153.59515 -2478.4758 -0.28485 0.81716 0.21931 -0.45058
136630907000 13098.64629 154.93264 -2501.77829 -0.2852 0.81722 0.21815 -0.45079
136830919999 13181.79109 159.06276 -2525.60049 -0.28654 0.81566 0.21716 -0.45324
137030910000 13266.23001 151.66856 -2549.99758 -0.29027 0.81397 0.2152 -0.45485
137231907000 13347.55375 145.18588 -2571.54981 -0.29334 0.81233 0.21559 -0.45562
